{
 "cells": [
  {
   "cell_type": "markdown",
   "metadata": {},
   "source": [
    "# Challenge 2\n",
    "\n",
    "In this challenge we will continue working with `Pokemon.csv`. We will attempt solving a slightly more complex problem in which we will practice the iterative data analysis process you leaned in [this video](https://www.youtube.com/watch?v=xOomNicqbkk).\n",
    "\n",
    "The problem statement is as follows:\n",
    "\n",
    "**You are at a Pokemon black market planning to buy a Pokemon for battle. All Pokemons are sold at the same price and you can only afford to buy one. You cannot choose which specific Pokemon to buy. However, you can specify the type of the Pokemon - one type that exists in either `Type 1` or `Type 2`. Which type should you choose in order to maximize your chance of receiving a good Pokemon?**\n",
    "\n",
    "To remind you about the 3 steps of iterative data analysis, they are:\n",
    "\n",
    "1. Setting Expectations\n",
    "1. Collecting Information\n",
    "1. Reacting to Data / Revising Expectations\n",
    "\n",
    "Following the iterative process, we'll guide you in completing the challenge."
   ]
  },
  {
   "cell_type": "markdown",
   "metadata": {},
   "source": [
    "## Provlem Solving Iteration 1\n",
    "\n",
    "In this iteration we'll analyze the problem and identify the breakthrough. The original question statement is kind of vague because we don't know what a *good pokemon* really means as represented in the data. We'll start by understanding the dataset and see if we can find some insights."
   ]
  },
  {
   "cell_type": "code",
   "execution_count": 1,
   "metadata": {},
   "outputs": [],
   "source": [
    "# import libraries\n",
    "import numpy as np\n",
    "import pandas as pd"
   ]
  },
  {
   "cell_type": "code",
   "execution_count": 2,
   "metadata": {
    "scrolled": true
   },
   "outputs": [
    {
     "data": {
      "text/html": [
       "<div>\n",
       "<style scoped>\n",
       "    .dataframe tbody tr th:only-of-type {\n",
       "        vertical-align: middle;\n",
       "    }\n",
       "\n",
       "    .dataframe tbody tr th {\n",
       "        vertical-align: top;\n",
       "    }\n",
       "\n",
       "    .dataframe thead th {\n",
       "        text-align: right;\n",
       "    }\n",
       "</style>\n",
       "<table border=\"1\" class=\"dataframe\">\n",
       "  <thead>\n",
       "    <tr style=\"text-align: right;\">\n",
       "      <th></th>\n",
       "      <th>#</th>\n",
       "      <th>Name</th>\n",
       "      <th>Type 1</th>\n",
       "      <th>Type 2</th>\n",
       "      <th>Total</th>\n",
       "      <th>HP</th>\n",
       "      <th>Attack</th>\n",
       "      <th>Defense</th>\n",
       "      <th>Sp. Atk</th>\n",
       "      <th>Sp. Def</th>\n",
       "      <th>Speed</th>\n",
       "      <th>Generation</th>\n",
       "      <th>Legendary</th>\n",
       "    </tr>\n",
       "  </thead>\n",
       "  <tbody>\n",
       "    <tr>\n",
       "      <th>0</th>\n",
       "      <td>1</td>\n",
       "      <td>Bulbasaur</td>\n",
       "      <td>Grass</td>\n",
       "      <td>Poison</td>\n",
       "      <td>318</td>\n",
       "      <td>45</td>\n",
       "      <td>49</td>\n",
       "      <td>49</td>\n",
       "      <td>65</td>\n",
       "      <td>65</td>\n",
       "      <td>45</td>\n",
       "      <td>1</td>\n",
       "      <td>False</td>\n",
       "    </tr>\n",
       "    <tr>\n",
       "      <th>1</th>\n",
       "      <td>2</td>\n",
       "      <td>Ivysaur</td>\n",
       "      <td>Grass</td>\n",
       "      <td>Poison</td>\n",
       "      <td>405</td>\n",
       "      <td>60</td>\n",
       "      <td>62</td>\n",
       "      <td>63</td>\n",
       "      <td>80</td>\n",
       "      <td>80</td>\n",
       "      <td>60</td>\n",
       "      <td>1</td>\n",
       "      <td>False</td>\n",
       "    </tr>\n",
       "    <tr>\n",
       "      <th>2</th>\n",
       "      <td>3</td>\n",
       "      <td>Venusaur</td>\n",
       "      <td>Grass</td>\n",
       "      <td>Poison</td>\n",
       "      <td>525</td>\n",
       "      <td>80</td>\n",
       "      <td>82</td>\n",
       "      <td>83</td>\n",
       "      <td>100</td>\n",
       "      <td>100</td>\n",
       "      <td>80</td>\n",
       "      <td>1</td>\n",
       "      <td>False</td>\n",
       "    </tr>\n",
       "    <tr>\n",
       "      <th>3</th>\n",
       "      <td>3</td>\n",
       "      <td>VenusaurMega Venusaur</td>\n",
       "      <td>Grass</td>\n",
       "      <td>Poison</td>\n",
       "      <td>625</td>\n",
       "      <td>80</td>\n",
       "      <td>100</td>\n",
       "      <td>123</td>\n",
       "      <td>122</td>\n",
       "      <td>120</td>\n",
       "      <td>80</td>\n",
       "      <td>1</td>\n",
       "      <td>False</td>\n",
       "    </tr>\n",
       "    <tr>\n",
       "      <th>4</th>\n",
       "      <td>4</td>\n",
       "      <td>Charmander</td>\n",
       "      <td>Fire</td>\n",
       "      <td>NaN</td>\n",
       "      <td>309</td>\n",
       "      <td>39</td>\n",
       "      <td>52</td>\n",
       "      <td>43</td>\n",
       "      <td>60</td>\n",
       "      <td>50</td>\n",
       "      <td>65</td>\n",
       "      <td>1</td>\n",
       "      <td>False</td>\n",
       "    </tr>\n",
       "  </tbody>\n",
       "</table>\n",
       "</div>"
      ],
      "text/plain": [
       "   #                   Name Type 1  Type 2  Total  HP  Attack  Defense  \\\n",
       "0  1              Bulbasaur  Grass  Poison    318  45      49       49   \n",
       "1  2                Ivysaur  Grass  Poison    405  60      62       63   \n",
       "2  3               Venusaur  Grass  Poison    525  80      82       83   \n",
       "3  3  VenusaurMega Venusaur  Grass  Poison    625  80     100      123   \n",
       "4  4             Charmander   Fire     NaN    309  39      52       43   \n",
       "\n",
       "   Sp. Atk  Sp. Def  Speed  Generation  Legendary  \n",
       "0       65       65     45           1      False  \n",
       "1       80       80     60           1      False  \n",
       "2      100      100     80           1      False  \n",
       "3      122      120     80           1      False  \n",
       "4       60       50     65           1      False  "
      ]
     },
     "execution_count": 2,
     "metadata": {},
     "output_type": "execute_result"
    }
   ],
   "source": [
    "# importing the dataset and inspect the first few rows of the data\n",
    "pokemon = pd.read_csv('Pokemon.csv')\n",
    "pokemon.head()"
   ]
  },
  {
   "cell_type": "markdown",
   "metadata": {},
   "source": [
    "From the data it seems whether a pokemon is good depends on its abilities as represented in the fields of `HP`, `Attack`, `Defense`, `Sp. Atk`, `Sp. Def`, `Speed`, and `Total`. We are not sure about `Generation` and `Legendary` because they are not necessarily the decisive factors of the pokemon abilities.\n",
    "\n",
    "But `HP`, `Attack`, `Defense`, `Sp. Atk`, `Sp. Def`, `Speed`, and `Total` are a lot of fields! If we look at them all at once it's very complicated. This isn't Mission Impossible but it's ideal that we tackle this kind of problem after we learn Machine Learning (which you will do in Module 3). For now, is there a way to consolidate the fields we need to look into?\n",
    "\n",
    "Fortunately there seems to be a way. It appears the `Total` field is computed based on the other 6 fields. But we need to prove our theory. If we can approve there is a formula to compute `Total` based on the other 6 abilities, we only need to look into `Total`.\n",
    "\n",
    "We have the following expectation now:\n",
    "\n",
    "#### The `Total` field is computed based on `HP`, `Attack`, `Defense`, `Sp. Atk`, `Sp. Def`, and `Speed`.\n",
    "\n",
    "We need to collect the following information:\n",
    "\n",
    "* **What is the formula to compute `Total`?**\n",
    "* **Does the formula work for all pokemons?**\n",
    "\n",
    "In the cell below, make a hypothesis on how `Total` is computed and test your hypothesis."
   ]
  },
  {
   "cell_type": "code",
   "execution_count": 3,
   "metadata": {},
   "outputs": [],
   "source": [
    "# your code here\n",
    "#Total is equal to the sum of HP + attack + def + sp atk + sp def + spd\n",
    "resultado = np.where(\n",
    "    (pokemon[\"HP\"]+pokemon[\"Attack\"]+pokemon[\"Defense\"]+pokemon[\"Sp. Atk\"]+\n",
    "    pokemon[\"Sp. Def\"]+pokemon[\"Speed\"]) == pokemon[\"Total\"],\n",
    "    True,\n",
    "    False\n",
    ")"
   ]
  },
  {
   "cell_type": "code",
   "execution_count": 4,
   "metadata": {},
   "outputs": [
    {
     "data": {
      "text/plain": [
       "{True: 800}"
      ]
     },
     "execution_count": 4,
     "metadata": {},
     "output_type": "execute_result"
    }
   ],
   "source": [
    "unique, counts = np.unique(resultado, return_counts=True)\n",
    "dict(zip(unique, counts))\n",
    "#No hay falsos"
   ]
  },
  {
   "cell_type": "markdown",
   "metadata": {},
   "source": [
    "## Provlem Solving Iteration 2\n",
    "\n",
    "Now that we have consolidated the abilities fields, we can update the problem statement. The new problem statement is:\n",
    "\n",
    "### Which pokemon type is most likely to have the highest `Total` value?\n",
    "\n",
    "In the updated problem statement, we assume there is a certain relationship between the `Total` and the pokemon type. But we have two *type* fields (`Type 1` and `Type 2`) that have string values. In data analysis, string fields have to be transformed to numerical format in order to be analyzed. \n",
    "\n",
    "In addition, keep in mind that `Type 1` always has a value but `Type 2` is sometimes empty (having the `NaN` value). Also, the pokemon type we choose may be either in `Type 1` or `Type 2`.\n",
    "\n",
    "Now our expectation is:\n",
    "\n",
    "#### `Type 1` and `Type 2` string variables need to be converted to numerical variables in order to identify the relationship between `Total` and the pokemon type.\n",
    "\n",
    "The information we need to collect is:\n",
    "\n",
    "#### How to convert two string variables to numerical?\n",
    "\n",
    "Let's address the first question first. You can use a method called **One Hot Encoding** which is frequently used in machine learning to encode categorical string variables to numerical. The idea is to gather all the possible string values in a categorical field and create a numerical field for each unique string value. Each of those numerical fields uses `1` and `0` to indicate whether the data record has the corresponding categorical value. A detailed explanation of One Hot Encoding can be found in [this article](https://hackernoon.com/what-is-one-hot-encoding-why-and-when-do-you-have-to-use-it-e3c6186d008f). You will formally learn it in Module 3.\n",
    "\n",
    "For instance, if a pokemon has `Type 1` as `Poison` and `Type 2` as `Fire`, then its `Poison` and `Fire` fields are `1` whereas all other fields are `0`. If a pokemon has `Type 1` as `Water` and `Type 2` as `NaN`, then its `Water` field is `1` whereas all other fields are `0`.\n",
    "\n",
    "#### In the next cell, use One Hot Encoding to encode `Type 1` and `Type 2`. Use the pokemon type values as the names of the numerical fields you create.\n",
    "\n",
    "The new numerical variables you create should look like below:\n",
    "\n",
    "![One Hot Encoding](one-hot-encoding.png)"
   ]
  },
  {
   "cell_type": "code",
   "execution_count": null,
   "metadata": {},
   "outputs": [],
   "source": [
    "from sklearn.preprocessing import LabelEncoder\n",
    "from sklearn.preprocessing import OneHotEncoder"
   ]
  },
  {
   "cell_type": "code",
   "execution_count": 14,
   "metadata": {},
   "outputs": [
    {
     "data": {
      "text/plain": [
       "['Dark',\n",
       " 'Water',\n",
       " 'Ground',\n",
       " 'Grass',\n",
       " 'Normal',\n",
       " 'Steel',\n",
       " 'Ice',\n",
       " 'Flying',\n",
       " 'Electric',\n",
       " 'Poison',\n",
       " 'Psychic',\n",
       " 'Fighting',\n",
       " 'Rock',\n",
       " 'Fairy',\n",
       " 'Ghost',\n",
       " 'Dragon',\n",
       " 'Fire',\n",
       " 'Bug']"
      ]
     },
     "execution_count": 14,
     "metadata": {},
     "output_type": "execute_result"
    }
   ],
   "source": [
    "types = set(pokemon[\"Type 1\"].unique()).union(set(pokemon[\"Type 2\"].unique()))\n",
    "types = list(types)[1:]\n",
    "types"
   ]
  },
  {
   "cell_type": "code",
   "execution_count": 27,
   "metadata": {},
   "outputs": [],
   "source": [
    "ohe = []\n",
    "for i in range(len(pokemon)):\n",
    "    pkm_ohe = []\n",
    "    for _type in types:\n",
    "        pkm_types = [pokemon.iloc[i][2],pokemon.iloc[i][3]]\n",
    "        pkm_ohe.append(1 if _type in pkm_types else 0)\n",
    "    ohe.append(pkm_ohe)\n",
    "ohe = pd.DataFrame(ohe, columns = types)"
   ]
  },
  {
   "cell_type": "code",
   "execution_count": 28,
   "metadata": {},
   "outputs": [
    {
     "data": {
      "text/html": [
       "<div>\n",
       "<style scoped>\n",
       "    .dataframe tbody tr th:only-of-type {\n",
       "        vertical-align: middle;\n",
       "    }\n",
       "\n",
       "    .dataframe tbody tr th {\n",
       "        vertical-align: top;\n",
       "    }\n",
       "\n",
       "    .dataframe thead th {\n",
       "        text-align: right;\n",
       "    }\n",
       "</style>\n",
       "<table border=\"1\" class=\"dataframe\">\n",
       "  <thead>\n",
       "    <tr style=\"text-align: right;\">\n",
       "      <th></th>\n",
       "      <th>Dark</th>\n",
       "      <th>Water</th>\n",
       "      <th>Ground</th>\n",
       "      <th>Grass</th>\n",
       "      <th>Normal</th>\n",
       "      <th>Steel</th>\n",
       "      <th>Ice</th>\n",
       "      <th>Flying</th>\n",
       "      <th>Electric</th>\n",
       "      <th>Poison</th>\n",
       "      <th>Psychic</th>\n",
       "      <th>Fighting</th>\n",
       "      <th>Rock</th>\n",
       "      <th>Fairy</th>\n",
       "      <th>Ghost</th>\n",
       "      <th>Dragon</th>\n",
       "      <th>Fire</th>\n",
       "      <th>Bug</th>\n",
       "    </tr>\n",
       "  </thead>\n",
       "  <tbody>\n",
       "    <tr>\n",
       "      <th>0</th>\n",
       "      <td>0</td>\n",
       "      <td>0</td>\n",
       "      <td>0</td>\n",
       "      <td>1</td>\n",
       "      <td>0</td>\n",
       "      <td>0</td>\n",
       "      <td>0</td>\n",
       "      <td>0</td>\n",
       "      <td>0</td>\n",
       "      <td>1</td>\n",
       "      <td>0</td>\n",
       "      <td>0</td>\n",
       "      <td>0</td>\n",
       "      <td>0</td>\n",
       "      <td>0</td>\n",
       "      <td>0</td>\n",
       "      <td>0</td>\n",
       "      <td>0</td>\n",
       "    </tr>\n",
       "    <tr>\n",
       "      <th>1</th>\n",
       "      <td>0</td>\n",
       "      <td>0</td>\n",
       "      <td>0</td>\n",
       "      <td>1</td>\n",
       "      <td>0</td>\n",
       "      <td>0</td>\n",
       "      <td>0</td>\n",
       "      <td>0</td>\n",
       "      <td>0</td>\n",
       "      <td>1</td>\n",
       "      <td>0</td>\n",
       "      <td>0</td>\n",
       "      <td>0</td>\n",
       "      <td>0</td>\n",
       "      <td>0</td>\n",
       "      <td>0</td>\n",
       "      <td>0</td>\n",
       "      <td>0</td>\n",
       "    </tr>\n",
       "    <tr>\n",
       "      <th>2</th>\n",
       "      <td>0</td>\n",
       "      <td>0</td>\n",
       "      <td>0</td>\n",
       "      <td>1</td>\n",
       "      <td>0</td>\n",
       "      <td>0</td>\n",
       "      <td>0</td>\n",
       "      <td>0</td>\n",
       "      <td>0</td>\n",
       "      <td>1</td>\n",
       "      <td>0</td>\n",
       "      <td>0</td>\n",
       "      <td>0</td>\n",
       "      <td>0</td>\n",
       "      <td>0</td>\n",
       "      <td>0</td>\n",
       "      <td>0</td>\n",
       "      <td>0</td>\n",
       "    </tr>\n",
       "    <tr>\n",
       "      <th>3</th>\n",
       "      <td>0</td>\n",
       "      <td>0</td>\n",
       "      <td>0</td>\n",
       "      <td>1</td>\n",
       "      <td>0</td>\n",
       "      <td>0</td>\n",
       "      <td>0</td>\n",
       "      <td>0</td>\n",
       "      <td>0</td>\n",
       "      <td>1</td>\n",
       "      <td>0</td>\n",
       "      <td>0</td>\n",
       "      <td>0</td>\n",
       "      <td>0</td>\n",
       "      <td>0</td>\n",
       "      <td>0</td>\n",
       "      <td>0</td>\n",
       "      <td>0</td>\n",
       "    </tr>\n",
       "    <tr>\n",
       "      <th>4</th>\n",
       "      <td>0</td>\n",
       "      <td>0</td>\n",
       "      <td>0</td>\n",
       "      <td>0</td>\n",
       "      <td>0</td>\n",
       "      <td>0</td>\n",
       "      <td>0</td>\n",
       "      <td>0</td>\n",
       "      <td>0</td>\n",
       "      <td>0</td>\n",
       "      <td>0</td>\n",
       "      <td>0</td>\n",
       "      <td>0</td>\n",
       "      <td>0</td>\n",
       "      <td>0</td>\n",
       "      <td>0</td>\n",
       "      <td>1</td>\n",
       "      <td>0</td>\n",
       "    </tr>\n",
       "  </tbody>\n",
       "</table>\n",
       "</div>"
      ],
      "text/plain": [
       "   Dark  Water  Ground  Grass  Normal  Steel  Ice  Flying  Electric  Poison  \\\n",
       "0     0      0       0      1       0      0    0       0         0       1   \n",
       "1     0      0       0      1       0      0    0       0         0       1   \n",
       "2     0      0       0      1       0      0    0       0         0       1   \n",
       "3     0      0       0      1       0      0    0       0         0       1   \n",
       "4     0      0       0      0       0      0    0       0         0       0   \n",
       "\n",
       "   Psychic  Fighting  Rock  Fairy  Ghost  Dragon  Fire  Bug  \n",
       "0        0         0     0      0      0       0     0    0  \n",
       "1        0         0     0      0      0       0     0    0  \n",
       "2        0         0     0      0      0       0     0    0  \n",
       "3        0         0     0      0      0       0     0    0  \n",
       "4        0         0     0      0      0       0     1    0  "
      ]
     },
     "execution_count": 28,
     "metadata": {},
     "output_type": "execute_result"
    }
   ],
   "source": [
    "ohe.head()"
   ]
  },
  {
   "cell_type": "markdown",
   "metadata": {},
   "source": [
    "## Provlem Solving Iteration 3\n",
    "\n",
    "Now we have encoded the pokemon types, we will identify the relationship between `Total` and the encoded fields. Our expectation is:\n",
    "\n",
    "#### There are relationships between `Total` and the encoded pokemon type variables and we need to identify the correlations.\n",
    "\n",
    "The information we need to collect is:\n",
    "\n",
    "#### How to identify the relationship between `Total` and the encoded pokemon type fields?\n",
    "\n",
    "There are multiple ways to answer this question. The easiest way is to use correlation. In the cell below, calculate the correlation of `Total` to each of the encoded fields. Rank the correlations and identify the #1 pokemon type that is most likely to have the highest `Total`."
   ]
  },
  {
   "cell_type": "code",
   "execution_count": 40,
   "metadata": {},
   "outputs": [
    {
     "name": "stdout",
     "output_type": "stream",
     "text": [
      "800\n",
      "800\n"
     ]
    }
   ],
   "source": [
    "print(len(pokemon[\"Total\"]))\n",
    "print(len(ohe))"
   ]
  },
  {
   "cell_type": "code",
   "execution_count": 41,
   "metadata": {},
   "outputs": [],
   "source": [
    "# your code here\n",
    "from scipy.stats import pearsonr\n",
    "r = np.corrcoef(pokemon[\"Total\"], ohe.T)\n"
   ]
  },
  {
   "cell_type": "code",
   "execution_count": 42,
   "metadata": {},
   "outputs": [
    {
     "data": {
      "text/plain": [
       "array([[ 1.00000000e+00,  5.61537741e-02, -2.16648673e-02,\n",
       "         1.50604719e-02, -5.25918049e-02, -1.05330951e-01,\n",
       "         1.09703254e-01,  6.02481677e-02,  5.93834025e-02,\n",
       "         2.09713304e-02, -9.04414139e-02,  1.24688025e-01,\n",
       "         7.77862193e-02,  3.27312010e-02, -3.66977411e-02,\n",
       "         3.64057484e-03,  2.29704716e-01,  7.87260561e-02,\n",
       "        -1.45781361e-01],\n",
       "       [ 5.61537741e-02,  1.00000000e+00, -2.85482390e-02,\n",
       "        -2.34804041e-02, -4.83388713e-02, -9.97508382e-02,\n",
       "        -2.39781508e-02, -1.01629882e-02, -2.21640975e-02,\n",
       "        -6.73749645e-02, -1.82265700e-02, -4.43269336e-02,\n",
       "        -7.79145194e-03, -3.34932911e-02, -5.98642270e-02,\n",
       "         1.48355337e-03, -3.96323321e-03, -2.03684908e-02,\n",
       "        -8.20624989e-02],\n",
       "       [-2.16648673e-02, -2.85482390e-02,  1.00000000e+00,\n",
       "        -6.84412070e-03, -1.26893786e-01, -1.54994435e-01,\n",
       "        -9.61312153e-02,  2.41989622e-04, -9.20304027e-02,\n",
       "        -6.91088637e-02, -7.39860859e-02, -9.96392409e-02,\n",
       "        -7.37780757e-02,  1.14465583e-02, -6.77027688e-02,\n",
       "        -7.73135597e-02, -8.32850409e-02, -1.14850191e-01,\n",
       "        -1.23983350e-01],\n",
       "       [ 1.50604719e-02, -2.34804041e-02, -6.84412070e-03,\n",
       "         1.00000000e+00, -9.70329911e-02, -1.02044152e-01,\n",
       "        -2.07708039e-02, -3.87163300e-03, -6.05779324e-02,\n",
       "        -5.94203435e-02, -5.38775053e-02, -7.90794989e-02,\n",
       "        -8.05309918e-02,  7.20853757e-02, -6.93599248e-02,\n",
       "        -3.59082488e-02,  5.24297148e-02, -2.26209382e-02,\n",
       "        -6.35438767e-02],\n",
       "       [-5.25918049e-02, -4.83388713e-02, -1.26893786e-01,\n",
       "        -9.70329911e-02,  1.00000000e+00, -1.17155954e-01,\n",
       "        -6.15370744e-02, -2.74763934e-02, -8.13662789e-02,\n",
       "        -7.88179438e-02,  1.10372486e-01, -9.40087603e-02,\n",
       "        -5.11712496e-02, -7.28290168e-02, -4.87561639e-02,\n",
       "         7.53157274e-02, -7.88179438e-02, -1.08247612e-01,\n",
       "        -3.44303842e-02],\n",
       "       [-1.05330951e-01, -9.97508382e-02, -1.54994435e-01,\n",
       "        -1.02044152e-01, -1.17155954e-01,  1.00000000e+00,\n",
       "        -9.76450981e-02, -8.53663450e-02,  1.25506243e-01,\n",
       "        -6.77367902e-02, -1.10800071e-01, -1.12380505e-01,\n",
       "        -7.16873871e-02, -1.06877040e-01, -1.71959193e-03,\n",
       "        -9.44203525e-02, -9.87021800e-02, -8.50969526e-02,\n",
       "        -1.20218951e-01],\n",
       "       [ 1.09703254e-01, -2.39781508e-02, -9.61312153e-02,\n",
       "        -2.07708039e-02, -6.15370744e-02, -9.76450981e-02,\n",
       "         1.00000000e+00, -5.70416900e-02, -8.14003274e-02,\n",
       "        -1.34597304e-03, -7.40364754e-02,  2.45402241e-02,\n",
       "        -5.16119160e-03,  4.92015438e-02,  1.31552128e-02,\n",
       "         2.64794243e-02, -4.44171104e-02, -5.61081482e-02,\n",
       "         4.71780303e-02],\n",
       "       [ 6.02481677e-02, -1.01629882e-02,  2.41989622e-04,\n",
       "        -3.87163300e-03, -2.74763934e-02, -8.53663450e-02,\n",
       "        -5.70416900e-02,  1.00000000e+00, -4.94984413e-02,\n",
       "        -3.33816475e-02, -6.47264781e-02, -4.23108427e-02,\n",
       "        -5.94828744e-02, -1.71100668e-02, -5.12315520e-02,\n",
       "        -2.99139983e-02,  1.51734762e-02, -6.58514576e-02,\n",
       "        -7.02287391e-02],\n",
       "       [ 5.93834025e-02, -2.21640975e-02, -9.20304027e-02,\n",
       "        -6.05779324e-02, -8.13662789e-02,  1.25506243e-01,\n",
       "        -8.14003274e-02, -4.94984413e-02,  1.00000000e+00,\n",
       "        -2.04067757e-02, -6.79499230e-02, -6.38715695e-02,\n",
       "        -8.61192303e-02, -4.82213931e-02, -5.26688408e-02,\n",
       "        -6.15553827e-02,  2.62372830e-02, -2.88552707e-02,\n",
       "         6.45714095e-02],\n",
       "       [ 2.09713304e-02, -6.73749645e-02, -6.91088637e-02,\n",
       "        -5.94203435e-02, -7.88179438e-02, -6.77367902e-02,\n",
       "        -1.34597304e-03, -3.33816475e-02, -2.04067757e-02,\n",
       "         1.00000000e+00, -7.48379761e-02, -9.19277120e-02,\n",
       "        -6.87752225e-02, -7.21882335e-02, -3.55409327e-02,\n",
       "        -4.15921180e-02, -2.40000000e-02, -5.71040241e-02,\n",
       "        -4.51109968e-02],\n",
       "       [-9.04414139e-02, -1.82265700e-02, -7.39860859e-02,\n",
       "        -5.38775053e-02,  1.10372486e-01, -1.10800071e-01,\n",
       "        -7.40364754e-02, -6.47264781e-02, -6.79499230e-02,\n",
       "        -7.48379761e-02,  1.00000000e+00, -1.03195259e-01,\n",
       "        -3.96127788e-02, -8.10363195e-02, -6.64952868e-02,\n",
       "         8.73555756e-03, -5.55249500e-02, -8.54709918e-02,\n",
       "         1.21209854e-01],\n",
       "       [ 1.24688025e-01, -4.43269336e-02, -9.96392409e-02,\n",
       "        -7.90794989e-02, -9.40087603e-02, -1.12380505e-01,\n",
       "         2.45402241e-02, -4.23108427e-02, -6.38715695e-02,\n",
       "        -9.19277120e-02, -1.03195259e-01,  1.00000000e+00,\n",
       "         5.96448005e-04, -6.90306864e-02,  2.72266385e-02,\n",
       "        -7.09465774e-02, -2.65568946e-02, -6.12434932e-02,\n",
       "        -1.11967670e-01],\n",
       "       [ 7.77862193e-02, -7.79145194e-03, -7.37780757e-02,\n",
       "        -8.05309918e-02, -5.11712496e-02, -7.16873871e-02,\n",
       "        -5.16119160e-03, -5.94828744e-02, -8.61192303e-02,\n",
       "        -6.87752225e-02, -3.96127788e-02,  5.96448005e-04,\n",
       "         1.00000000e+00, -5.50904443e-02, -6.11083888e-02,\n",
       "        -6.57916649e-02, -6.87752225e-02,  5.11295463e-02,\n",
       "        -4.86451540e-02],\n",
       "       [ 3.27312010e-02, -3.34932911e-02,  1.14465583e-02,\n",
       "         7.20853757e-02, -7.28290168e-02, -1.06877040e-01,\n",
       "         4.92015438e-02, -1.71100668e-02, -4.82213931e-02,\n",
       "        -7.21882335e-02, -8.10363195e-02, -6.90306864e-02,\n",
       "        -5.50904443e-02,  1.00000000e+00,  2.21175616e-03,\n",
       "        -6.90566151e-02, -3.23602426e-02, -6.46765026e-02,\n",
       "        -3.70565327e-03],\n",
       "       [-3.66977411e-02, -5.98642270e-02, -6.77027688e-02,\n",
       "        -6.93599248e-02, -4.87561639e-02, -1.71959193e-03,\n",
       "         1.31552128e-02, -5.12315520e-02, -5.26688408e-02,\n",
       "        -3.55409327e-02, -6.64952868e-02,  2.72266385e-02,\n",
       "        -6.11083888e-02,  2.21175616e-03,  1.00000000e+00,\n",
       "        -5.66652022e-02, -3.55409327e-02, -6.76510091e-02,\n",
       "        -7.21479105e-02],\n",
       "       [ 3.64057484e-03,  1.48355337e-03, -7.73135597e-02,\n",
       "        -3.59082488e-02,  7.53157274e-02, -9.44203525e-02,\n",
       "         2.64794243e-02, -2.99139983e-02, -6.15553827e-02,\n",
       "        -4.15921180e-02,  8.73555756e-03, -7.09465774e-02,\n",
       "        -6.57916649e-02, -6.90566151e-02, -5.66652022e-02,\n",
       "         1.00000000e+00, -1.94096551e-02, -1.34587714e-02,\n",
       "        -5.89146237e-02],\n",
       "       [ 2.29704716e-01, -3.96323321e-03, -8.32850409e-02,\n",
       "         5.24297148e-02, -7.88179438e-02, -9.87021800e-02,\n",
       "        -4.44171104e-02,  1.51734762e-02,  2.62372830e-02,\n",
       "        -2.40000000e-02, -5.55249500e-02, -2.65568946e-02,\n",
       "        -6.87752225e-02, -3.23602426e-02, -3.55409327e-02,\n",
       "        -1.94096551e-02,  1.00000000e+00, -3.80693494e-02,\n",
       "        -8.11997943e-02],\n",
       "       [ 7.87260561e-02, -2.03684908e-02, -1.14850191e-01,\n",
       "        -2.26209382e-02, -1.08247612e-01, -8.50969526e-02,\n",
       "        -5.61081482e-02, -6.58514576e-02, -2.88552707e-02,\n",
       "        -5.71040241e-02, -8.54709918e-02, -6.12434932e-02,\n",
       "         5.11295463e-02, -6.46765026e-02, -6.76510091e-02,\n",
       "        -1.34587714e-02, -3.80693494e-02,  1.00000000e+00,\n",
       "        -6.05364570e-02],\n",
       "       [-1.45781361e-01, -8.20624989e-02, -1.23983350e-01,\n",
       "        -6.35438767e-02, -3.44303842e-02, -1.20218951e-01,\n",
       "         4.71780303e-02, -7.02287391e-02,  6.45714095e-02,\n",
       "        -4.51109968e-02,  1.21209854e-01, -1.11967670e-01,\n",
       "        -4.86451540e-02, -3.70565327e-03, -7.21479105e-02,\n",
       "        -5.89146237e-02, -8.11997943e-02, -6.05364570e-02,\n",
       "         1.00000000e+00]])"
      ]
     },
     "execution_count": 42,
     "metadata": {},
     "output_type": "execute_result"
    }
   ],
   "source": [
    "#No entiendo :s"
   ]
  },
  {
   "cell_type": "markdown",
   "metadata": {},
   "source": [
    "# Bonus Question\n",
    "\n",
    "Say now you can choose both `Type 1` and `Type 2` of the pokemon. In order to receive the best pokemon, which types will you choose?"
   ]
  },
  {
   "cell_type": "code",
   "execution_count": null,
   "metadata": {},
   "outputs": [],
   "source": [
    "# your code here"
   ]
  }
 ],
 "metadata": {
  "kernelspec": {
   "display_name": "Python 3",
   "language": "python",
   "name": "python3"
  },
  "language_info": {
   "codemirror_mode": {
    "name": "ipython",
    "version": 3
   },
   "file_extension": ".py",
   "mimetype": "text/x-python",
   "name": "python",
   "nbconvert_exporter": "python",
   "pygments_lexer": "ipython3",
   "version": "3.8.3"
  }
 },
 "nbformat": 4,
 "nbformat_minor": 2
}
